Set([9221, 7690, 1036, 7694, 2063, 3603, 7188, 2137, 9242, 29, 9246, 7173, 9253, 4135, 552, 8745, 4650, 9259, 1580, 9779, 564, 4157, 7742, 63, 2626, 579, 8772, 2632, 8703, 5710, 7249, 9226, 3155, 2574, 2647, 9817, 9819, 9820, 2142, 5216, 6757, 103, 1642, 1127, 8300, 4719, 7280, 8511, 3700, 2677, 2680, 3706, 8827, 124, 638, 3124, 8324, 1156, 4229, 2697, 1687, 5785, 5275, 8348, 8218, 9886, 8351, 5793, 163, 1702, 3185, 2216, 5803, 2732, 6831, 6322, 2741, 5814, 4791, 9844, 2748, 190, 5314, 708, 2939, 4728, 3284, 5333, 6358, 3802, 6364, 8570, 7903, 4320, 5347, 9957, 3302, 1767, 6890, 2087, 4335, 9256, 4340, 1577, 3832, 7932, 253, 3326, 5889, 9477, 9992, 8458, 267, 6413, 1294, 7732, 7440, 1299, 1814, 7449, 2843, 8922, 286, 7967, 2959, 8824, 4906, 7979, 5938, 3376, 6962, 4405, 2870, 5433, 3295, 8927, 7870, 8007, 5960, 9041, 4435, 9556, 8534, 8027, 1597, 1887, 6371, 8041, 2411, 3951, 2928, 6058, 7539, 7031, 888, 2314, 8059, 831, 1922, 7558, 5001, 6540, 9103, 8083, 40, 3990, 6043, 3997, 6046, 9119, 3490, 241, 9130, 8107, 9644, 9645, 669, 5553, 1466, 7617, 5571, 4549, 6086, 9162, 463, 8669, 7137, 3665, 9194, 7148, 3568, 9982, 3577, 1023, 1020, 2045, 3071])

1 Proof of Illegal Activity
Cult/Murder/Hacking/Sabotage, CharNums other than Pilot/GoodCop/BadCop

2 Proof of Slavery / Unfair Wages
Ghoul character number + 6413
Human character number + 6413
VerTwo and VerThree character numbers + 6413
VerOne Blackmail: 9820

3 Proof of Corrupt BadCop
Illegal A/I/S, BadCop CharNum

4 Parole Violation
Illegal A/I/S, Pilot CharNum
Weapon A/I/S, Pilot CharNum

5 Legal Stuff
Everything else

6 Proof of Corrupt GoodCop
Illegal A/I/S, GoodCop CharNum

Slavery/Ghouling/Human Cargo
9820, 5216, 8745, 5333, 3284

Cult
4650

(Attempted) Murder
1294

Hacking
4135

Sabotage
0552

Legal Weapon
4157, 0063

Legal non-Weapon
9221, 7690, 1036, 7694, 2063, 3603, 7188, 2137, 9242, 0029, 9246, 7173, 9221, 9253, 8827, 0124, 0638, 8324, 1156, 4229, 2697, 5785, 5275, 8348, 0000, 9259, 1580, 9779, 0564, 7742, 2626, 0579, 8772, 2632, 8703, 5710, 7249, 9226, 3155, 2574, 2647, 9817, 9819, 2142, 6757, 0103, 1642, 1127, 8300, 4719, 7280, 8511, 3700, 2677, 2680

